67799.0
63124.0
33607.0
34776.0
32439.0
37114.0
55817.0
54648.0
35653.0
36530.0
33899.0
37698.0
34777.0
33607.0
52603.0
43251.0
36529.0
48804.0
35945.0
35069.0
37991.0
34192.0
36238.0
37407.0
49973.0
41205.0
53771.0
37114.0
32438.0
42374.0
43251.0
52603.0
44712.0
65169.0
32438.0
30977.0
25133.0
35653.0
32438.0
30685.0
30977.0
28055.0
26009.0
31561.0
25717.0
23379.0
23671.0
23671.0
43251.0
32146.0
27470.0
69553.0
46173.0
37114.0
49973.0
29224.0
28932.0
30977.0
28932.0
42666.0
28639.0
25132.0
86502.0
165698.0
161315.0
37699.0
26009.0
25132.0
24256.0
24548.0
24256.0
24547.0
25132.0
24255.0
23671.0
24256.0
38575.0
36529.0
23963.0
23963.0
24548.0
23379.0
23964.0
23671.0
44712.0
41205.0
36238.0
24548.0
23086.0
26594.0
26593.0
23964.0
35361.0
23671.0
30392.0
46173.0
35361.0
46466.0
26885.0
56402.0
34484.0
52603.0
27178.0
26302.0
22502.0
24548.0
23379.0
36238.0
22795.0
21626.0
21626.0
24840.0
21041.0
120987.0
77735.0
23671.0
20164.0
20749.0
19872.0
21041.0
20164.0
21625.0
30685.0
23963.0
26301.0
32147.0
2204638.0
108420.0
127123.0
108420.0
94392.0
111927.0
30100.0
155763.0
114265.0
100821.0
8311228.0
109589.0
25424.0
21041.0
19288.0
17242.0
16657.0
17827.0
18995.0
16074.0
17534.0
136183.0
20164.0
18118.0
19872.0
21917.0
15781.0
16658.0
16365.0
16366.0
19872.0
20749.0
22210.0
47343.0
92639.0
48219.0
20749.0
26886.0
16365.0
10813.0
9936.0
9936.0
10228.0
9643.0
10521.0
9351.0
9060.0
8767.0
8475.0
8767.0
8475.0
9060.0
16950.0
10813.0
10229.0
10521.0
9644.0
8767.0
8768.0
8767.0
8183.0
9352.0
9352.0
21626.0
239927.0
41790.0
18119.0
13735.0
14028.0
16950.0
14612.0
13443.0
15489.0
14027.0
21625.0
13443.0
14612.0
14612.0
13150.0
13443.0
14028.0
12566.0
13443.0
12566.0
13443.0
13150.0
48804.0
16657.0
16365.0
15196.0
13151.0
13151.0
15488.0
14027.0
13735.0
13735.0
13443.0
13151.0
13735.0
40037.0
15781.0
11689.0
12858.0
16073.0
12274.0
12566.0
11398.0
12566.0
11982.0
28932.0
16366.0
16073.0
13443.0
16073.0
19872.0
21041.0
30100.0
19872.0
17534.0
15781.0
16657.0
15489.0
16365.0
16657.0
15781.0
19579.0
20749.0
102575.0
2953057.0
257753.0
33607.0
25132.0
24547.0
21626.0
15196.0
14027.0
11397.0
9644.0
11105.0
7598.0
8475.0
8767.0
7306.0
7890.0
6722.0
7014.0
7598.0
6430.0
7598.0
7890.0
7014.0
6722.0
7891.0
9060.0
11982.0
14612.0
12274.0
9059.0
7891.0
7598.0
16657.0
16073.0
18995.0
9643.0
9643.0
12566.0
21041.0
13443.0
16073.0
13151.0
11690.0
13151.0
13151.0
13150.0
11982.0
11982.0
13443.0
12566.0
11689.0
12858.0
12566.0
12567.0
10813.0
11690.0
11982.0
10813.0
11105.0
11981.0
12274.0
11105.0
11690.0
11105.0
12567.0
11397.0
11981.0
13735.0
19872.0
21334.0
20457.0
15488.0
13443.0
13151.0
12274.0
12567.0
13443.0
12274.0
17826.0
11689.0
11981.0
11982.0
10813.0
12858.0
11690.0
12274.0
11981.0
11689.0
11982.0
11982.0
12566.0
11397.0
10228.0
10229.0
10521.0
9936.0
10228.0
9937.0
10229.0
9936.0
10228.0
10229.0
11689.0
32731.0
16073.0
14027.0
12566.0
12859.0
15197.0
19288.0
13736.0
13442.0
14320.0
11982.0
11981.0
12566.0
25132.0
38868.0
23964.0
18119.0
18703.0
21626.0
101114.0
75105.0
114850.0
94101.0
96146.0
1536584.0
114557.0
75105.0
129753.0
107543.0
86502.0
16657.0
11397.0
10813.0
11105.0
11397.0
11105.0
11105.0
10813.0
13735.0
10813.0
10228.0
11397.0
10228.0
10228.0
10521.0
10812.0
9936.0
12274.0
15489.0
14027.0
15196.0
11689.0
10521.0
13150.0
11105.0
11105.0
10520.0
10813.0
10520.0
10521.0
10520.0
10520.0
16950.0
16073.0
10228.0
9059.0
9936.0
11690.0
26301.0
32438.0
35653.0
12859.0
13151.0
10229.0
9351.0
10813.0
10521.0
15781.0
10520.0
11105.0
9936.0
13443.0
11982.0
12566.0
10521.0
13735.0
40913.0
11689.0
12566.0
10520.0
10520.0
10521.0
10813.0
10813.0
11397.0
10813.0
11397.0
10812.0
11690.0
14320.0
9936.0
11689.0
10228.0
12274.0
10521.0
12566.0
15781.0
10520.0
9936.0
10520.0
9936.0
10521.0
10520.0
11397.0
10812.0
10229.0
10520.0
9936.0
10521.0
10229.0
9936.0
10229.0
9937.0
9936.0
10228.0
9644.0
11398.0
10229.0
10521.0
10228.0
11982.0
9936.0
11690.0
11105.0
11105.0
13443.0
8768.0
9060.0
8767.0
10228.0
30977.0
24840.0
17826.0
14612.0
11397.0
12566.0
12858.0
11690.0
12274.0
11105.0
15197.0
11982.0
11105.0
10228.0
92347.0
84457.0
88840.0
95854.0
99946.0
84749.0
1135341.0
75105.0
24840.0
102283.0
72475.0
68676.0
54941.0
13151.0
12566.0
10521.0
11398.0
20165.0
17827.0
14904.0
60200.0
19287.0
23087.0
15781.0
14320.0
16950.0
13443.0
95269.0
30393.0
14904.0
13735.0
14027.0
12274.0
12859.0
13443.0
12566.0
12858.0
17242.0
10813.0
12566.0
12859.0
11690.0
13443.0
11689.0
11981.0
10813.0
12274.0
13151.0
75689.0
95854.0
105498.0
89717.0
20748.0
17242.0
18119.0
20749.0
17242.0
16073.0
21333.0
17534.0
21918.0
38283.0
21041.0
22503.0
21041.0
20749.0
18411.0
17534.0
21334.0
19872.0
20457.0
74228.0
23087.0
27178.0
17534.0
18995.0
16366.0
17534.0
12274.0
12858.0
17242.0
13443.0
12274.0
10813.0
10813.0
17826.0
14027.0
11397.0
61078.0
13735.0
23964.0
28639.0
13735.0
110174.0
11105.0
10813.0
18995.0
10520.0
64584.0
14320.0
12566.0
12566.0
11689.0
15781.0
16657.0
15196.0
16073.0
12566.0
12859.0
18410.0
115725.0
17826.0
19580.0
18703.0
13735.0
14904.0
18704.0
15781.0
14027.0
12566.0
11105.0
11982.0
19288.0
12566.0
16365.0
11397.0
10521.0
21918.0
18410.0
25425.0
34776.0
24840.0
113973.0
100237.0
32146.0
17826.0
12859.0
17242.0
11982.0
11981.0
19872.0
13150.0
14027.0
12566.0
10229.0
7598.0
9059.0
12859.0
11982.0
10228.0
11689.0
14320.0
13443.0
9936.0
10521.0
11690.0
10520.0
11397.0
11981.0
62831.0
15196.0
11397.0
11105.0
11105.0
9936.0
9352.0
9936.0
10813.0
10813.0
10228.0
10520.0
10228.0
17534.0
10813.0
9936.0
12858.0
9936.0
8767.0
8475.0
8767.0
8475.0
8767.0
9060.0
9352.0
8182.0
7890.0
8767.0
9351.0
8475.0
8767.0
8182.0
8182.0
9352.0
9352.0
11397.0
9936.0
9352.0
12274.0
11105.0
27471.0
14612.0
8183.0
7598.0
7306.0
7014.0
5553.0
6137.0
6429.0
6137.0
7014.0
6430.0
6429.0
6430.0
20749.0
15780.0
11690.0
10228.0
13151.0
10521.0
10228.0
9059.0
10521.0
10229.0
11105.0
9644.0
11398.0
10813.0
10521.0
9936.0
9644.0
9936.0
9936.0
10521.0
10229.0
9936.0
10521.0
11398.0
20749.0
11397.0
9059.0
9644.0
10813.0
10812.0
9644.0
10813.0
12274.0
10813.0
10229.0
18704.0
12274.0
11690.0
10813.0
99653.0
98192.0
89717.0
78612.0
83580.0
78904.0
85918.0
95562.0
81242.0
72767.0
82703.0
104913.0
177096.0
74229.0
118941.0
70429.0
117480.0
93808.0
17242.0
28931.0
14612.0
12566.0
6721.0
7014.0
8475.0
12859.0
9644.0
10229.0
7306.0
6429.0
6429.0
14904.0
13151.0
106082.0
87379.0
87671.0
90886.0
83288.0
83288.0
89133.0
89717.0
99361.0
89132.0
137352.0
132675.0
96146.0
88840.0
97608.0
107543.0
94977.0
90009.0
99653.0
100530.0
98484.0
946264.0
114557.0
93516.0
98484.0
85625.0
80365.0
91470.0
86502.0
84748.0
86210.0
85625.0
90009.0
84457.0
85918.0
1036566.0
129754.0
102868.0
84749.0
79489.0
77443.0
87379.0
87964.0
98777.0
77443.0
71598.0
71599.0
70137.0
77735.0
77443.0
84749.0
77150.0
76858.0
82703.0
72182.0
70137.0
68092.0
65461.0
72474.0
72182.0
67799.0
66046.0
71306.0
66923.0
281716.0
99068.0
108712.0
79488.0
129753.0
76859.0
123909.0
95854.0
132383.0
89717.0
86795.0
75981.0
99360.0
73060.0
86503.0
83580.0
77443.0
79196.0
70721.0
80365.0
77151.0
1475214.0
93516.0
74228.0
73351.0
74521.0
73060.0
90009.0
73644.0
71598.0
66923.0
66046.0
68968.0
137936.0
73936.0
68091.0
66923.0
67799.0
68383.0
67214.0
68383.0
77735.0
67799.0
95853.0
68092.0
67506.0
67214.0
70137.0
72474.0
70429.0
69553.0
68383.0
75981.0
6046097.0
119817.0
68676.0
73936.0
107252.0
91471.0
2197624.0
128584.0
82995.0
82411.0
83579.0
94684.0
80073.0
82703.0
169206.0
73351.0
68383.0
66046.0
76566.0
75105.0
76566.0
74228.0
87087.0
71598.0
109882.0
75690.0
93809.0
75982.0
75982.0
73936.0
71013.0
72183.0
71890.0
70137.0
65754.0
936036.0
128585.0
90886.0
81242.0
80365.0
77443.0
75689.0
83288.0
89424.0
73059.0
73936.0
73937.0
79781.0
71890.0
71013.0
72475.0
101698.0
87671.0
78319.0
75982.0
75981.0
70722.0
70137.0
71599.0
68968.0
69260.0
69260.0
68091.0
75105.0
157516.0
102575.0
73936.0
75105.0
80365.0
74228.0
74521.0
78320.0
75105.0
78904.0
79196.0
72474.0
68676.0
575122.0
22795.0
17535.0
19580.0
16365.0
15488.0
16658.0
16657.0
15781.0
14904.0
14320.0
14904.0
90301.0
82411.0
78612.0
81827.0
92347.0
84165.0
82119.0
17242.0
14319.0
14612.0
14612.0
16950.0
11689.0
11105.0
11982.0
12274.0
11105.0
11397.0
11689.0
10813.0
11982.0
11397.0
98484.0
76566.0
71306.0
78612.0
79488.0
75105.0
87379.0
75982.0
67799.0
72475.0
77150.0
73352.0
71598.0
76274.0
79197.0
84749.0
21626.0
26593.0
17534.0
431927.0
136475.0
85918.0
821479.0
94101.0
75105.0
73351.0
85626.0
88840.0
16949.0
13443.0
14612.0
12566.0
12274.0
12858.0
12274.0
12567.0
15196.0
14904.0
19872.0
11982.0
11689.0
12566.0
13443.0
11105.0
11105.0
101991.0
32731.0
18411.0
20164.0
14320.0
11397.0
25132.0
15489.0
13442.0
12859.0
14320.0
13443.0
8183.0
7306.0
7306.0
7014.0
7306.0
35361.0
15196.0
14319.0
14612.0
13443.0
14904.0
13443.0
13151.0
12274.0
16073.0
16365.0
13443.0
13735.0
13736.0
14612.0
14027.0
12566.0
11982.0
11690.0
144073.0
107836.0
16365.0
21041.0
12274.0
31854.0
11398.0
10228.0
10813.0
14612.0
11689.0
10521.0
9936.0
9936.0
13736.0
10228.0
8767.0
9059.0
9351.0
9644.0
9936.0
9059.0
8474.0
8767.0
8475.0
10228.0
10520.0
9060.0
9060.0
8767.0
10813.0
10813.0
10228.0
10520.0
11105.0
10520.0
10228.0
14904.0
12859.0
13735.0
11690.0
9936.0
11689.0
120110.0
103744.0
111927.0
21625.0
11397.0
9644.0
13151.0
11982.0
11397.0
12566.0
10228.0
10228.0
10521.0
11397.0
10521.0
11981.0
11982.0
11397.0
46758.0
11690.0
80365.0
93516.0
71598.0
67507.0
111050.0
82996.0
66630.0
11982.0
15196.0
15196.0
13151.0
10521.0
11105.0
10813.0
9351.0
9936.0
11105.0
10520.0
10229.0
10228.0
11689.0
10228.0
9644.0
9644.0
9644.0
9936.0
9352.0
9644.0
10228.0
10813.0
9644.0
19288.0
14028.0
12858.0
24840.0
15197.0
11397.0
10521.0
284639.0
24256.0
21333.0
11397.0
11689.0
11105.0
10521.0
10521.0
10228.0
9644.0
11105.0
9936.0
10229.0
10228.0
9936.0
10229.0
9936.0
10228.0
10229.0
9936.0
9059.0
9644.0
10228.0
9351.0
11397.0
10229.0
9644.0
11105.0
9936.0
9936.0
9936.0
10521.0
9644.0
9936.0
9352.0
9936.0
9644.0
9644.0
11690.0
9059.0
10229.0
10228.0
14612.0
18996.0
14612.0
7306.0
8182.0
7598.0
7890.0
6429.0
7013.0
8475.0
12858.0
10229.0
9936.0
7598.0
6429.0
6430.0
6722.0
6429.0
6722.0
5845.0
6430.0
6137.0
5845.0
5845.0
6429.0
5845.0
6721.0
5844.0
6137.0
8183.0
7890.0
5845.0
16366.0
12566.0
11398.0
26886.0
6137.0
6429.0
6430.0
6137.0
7014.0
5845.0
6137.0
23379.0
15781.0
111635.0
86210.0
80365.0
76274.0
77735.0
78612.0
74228.0
78611.0
92347.0
85333.0
81534.0
81826.0
80950.0
87671.0
79488.0
78904.0
14612.0
17242.0
17827.0
18996.0
17826.0
71013.0
18704.0
92054.0
78320.0
112803.0
85918.0
84164.0
85041.0
122155.0
97900.0
79781.0
110173.0
85625.0
79197.0
82703.0
80073.0
86210.0
80073.0
78027.0
147288.0
80657.0
71890.0
104329.0
81242.0
73352.0
76566.0
86795.0
22502.0
140274.0
21041.0
154301.0
72183.0
68383.0
67799.0
71014.0
64584.0
64292.0
75397.0
72767.0
70721.0
36822.0
15781.0
14028.0
13151.0
14320.0
11689.0
10228.0
10521.0
87378.0
68091.0
64000.0
64585.0
69260.0
64000.0
71306.0
77151.0
64584.0
73059.0
101699.0
77443.0
71890.0
81826.0
75690.0
81534.0
88840.0
78319.0
127124.0
109005.0
74521.0
71890.0
74520.0
73644.0
71014.0
13150.0
89425.0
75981.0
101114.0
18411.0
15489.0
16073.0
15488.0
14027.0
14904.0
14904.0
14612.0
14320.0
14612.0
55526.0
15196.0
17242.0
10813.0
9644.0
9644.0
9352.0
9936.0
10813.0
9644.0
9643.0
10228.0
9060.0
9351.0
9352.0
9059.0
9644.0
9352.0
9060.0
9936.0
8767.0
9059.0
9059.0
173589.0
10813.0
11397.0
9059.0
9643.0
9644.0
9352.0
9352.0
9060.0
9644.0
8767.0
9351.0
9059.0
9352.0
9351.0
9643.0
8767.0
9059.0
9352.0
9644.0
9059.0
16365.0
20456.0
11105.0
10813.0
10812.0
15488.0
9059.0
9644.0
9059.0
9644.0
9644.0
9060.0
9059.0
9352.0
9352.0
9352.0
9352.0
9351.0
9351.0
9936.0
9644.0
10229.0
8768.0
10521.0
9936.0
9060.0
9936.0
9059.0
9351.0
9936.0
11105.0
9059.0
10228.0
10520.0
10813.0
10813.0
9936.0
10520.0
11397.0
9352.0
10228.0
11397.0
11690.0
12859.0
11981.0
14904.0
10813.0
9352.0
9351.0
9351.0
9352.0
9936.0
9937.0
9059.0
8767.0
8767.0
8183.0
10228.0
8767.0
9351.0
104329.0
80950.0
69845.0
16365.0
11105.0
10228.0
180602.0
16658.0
11105.0
11398.0
10520.0
9936.0
9644.0
11105.0
9059.0
9936.0
17242.0
10813.0
11397.0
9936.0
9644.0
10229.0
9936.0
13150.0
14027.0
11397.0
14027.0
11105.0
9936.0
11982.0
86502.0
83872.0
99945.0
14612.0
10521.0
10521.0
10813.0
9352.0
10229.0
226776.0
18411.0
13443.0
10812.0
9936.0
9936.0
14027.0
11105.0
11397.0
9644.0
10520.0
9644.0
13151.0
12566.0
9643.0
9644.0
9351.0
9936.0
9644.0
9937.0
9059.0
9644.0
9060.0
9644.0
8767.0
9644.0
8767.0
10228.0
9352.0
14027.0
8767.0
9060.0
8767.0
9644.0
8767.0
8475.0
9060.0
9644.0
9352.0
9060.0
8767.0
9351.0
9643.0
9059.0
20457.0
17534.0
13443.0
12566.0
9644.0
9936.0
8475.0
9351.0
12859.0
11397.0
10229.0
9937.0
8767.0
9644.0
9059.0
9644.0
10229.0
9352.0
9643.0
8475.0
8183.0
12567.0
10229.0
11397.0
9644.0
9059.0
9059.0
8767.0
8767.0
10228.0
9059.0
9059.0
9643.0
9644.0
9644.0
9352.0
9644.0
9351.0
11105.0
8475.0
9644.0
9060.0
8767.0
18119.0
16658.0
12566.0
8475.0
9644.0
10813.0
20749.0
14904.0
14027.0
12566.0
11397.0
10813.0
11397.0
9936.0
11689.0
10229.0
10813.0
12858.0
14612.0
11689.0
11398.0
14027.0
10520.0
14028.0
13735.0
11982.0
11981.0
14904.0
17534.0
16658.0
12274.0
25425.0
15781.0
590904.0
77151.0
15196.0
23379.0
18119.0
13735.0
11105.0
11105.0
9936.0
10520.0
11397.0
10521.0
15196.0
9936.0
35068.0
13151.0
11105.0
8474.0
8767.0
9351.0
8767.0
9352.0
9352.0
7599.0
8474.0
7598.0
8182.0
9644.0
10228.0
9352.0
11689.0
9352.0
11981.0
9936.0
11981.0
16950.0
12566.0
125955.0
117188.0
114849.0
14612.0
11397.0
10228.0
9936.0
10813.0
9060.0
9643.0
10521.0
11397.0
10521.0
9351.0
9352.0
9936.0
11105.0
11105.0
9936.0
10521.0
9351.0
9351.0
9644.0
9352.0
9351.0
9644.0
9351.0
9059.0
9060.0
8475.0
9352.0
11105.0
9936.0
10228.0
9643.0
9937.0
9937.0
9644.0
14904.0
10228.0
9644.0
9352.0
80949.0
24256.0
63123.0
9059.0
9644.0
9936.0
9644.0
9352.0
9059.0
9059.0
8767.0
9644.0
9352.0
9644.0
9060.0
9059.0
10813.0
11982.0
9936.0
10228.0
9644.0
9351.0
9059.0
9059.0
9936.0
9352.0
9936.0
9352.0
9352.0
8475.0
9936.0
9936.0
9936.0
9644.0
9351.0
8767.0
9936.0
9936.0
9936.0
11397.0
9644.0
17242.0
14319.0
12274.0
22210.0
11689.0
10812.0
10813.0
102868.0
86794.0
82119.0
77151.0
69553.0
52603.0
25425.0
11397.0
10229.0
11105.0
14904.0
11982.0
11982.0
10229.0
10520.0
10812.0
9936.0
10228.0
9351.0
9936.0
9644.0
9936.0
10813.0
10521.0
15196.0
29516.0
20457.0
20749.0
12858.0
11105.0
80365.0
66630.0
63415.0
25132.0
14320.0
11690.0
11398.0
11982.0
11105.0
11981.0
11105.0
62831.0
15781.0
13443.0
12566.0
11105.0
10813.0
11397.0
12274.0
11982.0
12566.0
12567.0
11397.0
11105.0
82119.0
90886.0
70429.0
107836.0
79781.0
78320.0
83872.0
84748.0
86210.0
127416.0
94977.0
99652.0
82995.0
84456.0
87963.0
109589.0
83872.0
78612.0
114849.0
18703.0
16950.0
12566.0
13443.0
12274.0
13735.0
11689.0
11105.0
11690.0
12567.0
11397.0
21041.0
16073.0
11105.0
11981.0
10812.0
12274.0
10521.0
10813.0
11690.0
123324.0
23671.0
11981.0
12859.0
11105.0
11690.0
10812.0
94101.0
15781.0
12859.0
9059.0
10521.0
9352.0
11981.0
10520.0
9644.0
10228.0
10228.0
10813.0
10228.0
11398.0
11982.0
20749.0
11398.0
92347.0
11690.0
11689.0
9644.0
20164.0
14027.0
11982.0
10520.0
10521.0
8475.0
82996.0
23963.0
11982.0
9352.0
8767.0
11690.0
51141.0
11105.0
9644.0
9936.0
9644.0
9352.0
10228.0
9352.0
9059.0
9059.0
9059.0
11690.0
8475.0
9059.0
9643.0
9644.0
10813.0
17534.0
10813.0
10521.0
89717.0
79488.0
67507.0
70721.0
66630.0
62539.0
73936.0
113096.0
78904.0
82411.0
87671.0
118941.0
69552.0
1250775.0
88548.0
74521.0
66922.0
66046.0
66923.0
64000.0
65461.0
67215.0
64877.0
106082.0
117480.0
137351.0
88255.0
107543.0
64000.0
114557.0
91178.0
86794.0
80073.0
15781.0
14904.0
14320.0
16950.0
15781.0
14320.0
13443.0
10228.0
12567.0
10813.0
10228.0
9644.0
9060.0
39452.0
11982.0
11105.0
9936.0
9351.0
9644.0
8767.0
9936.0
10520.0
9937.0
9936.0
10228.0
9351.0
8767.0
9351.0
9060.0
9060.0
9936.0
9352.0
9059.0
16657.0
13151.0
103160.0
12858.0
11690.0
9936.0
9644.0
12274.0
11982.0
9644.0
9643.0
13150.0
11689.0
8475.0
11105.0
10520.0
9936.0
9644.0
9643.0
9936.0
8768.0
11397.0
16365.0
10520.0
9936.0
10812.0
9644.0
9937.0
10520.0
9351.0
9060.0
9936.0
9352.0
9644.0
9936.0
8767.0
8767.0
8474.0
9060.0
9351.0
8767.0
9352.0
50265.0
9936.0
10812.0
10228.0
9936.0
9644.0
8767.0
9936.0
10521.0
9643.0
11397.0
10521.0
13443.0
14611.0
9936.0
10228.0
10228.0
9059.0
9643.0
9936.0
11105.0
19580.0
11690.0
10520.0
9352.0
9644.0
10812.0
9936.0
10228.0
9351.0
9352.0
9352.0
9352.0
9644.0
9936.0
9059.0
10228.0
8767.0
9644.0
10228.0
8768.0
9644.0
12567.0
18703.0
11105.0
10813.0
9644.0
10812.0
9352.0
10520.0
9936.0
10813.0
11690.0
10812.0
9936.0
11982.0
14320.0
14904.0
10813.0
9644.0
9936.0
26593.0
15781.0
11690.0
10813.0
9936.0
10813.0
14904.0
13735.0
52895.0
14027.0
10812.0
10520.0
16365.0
13151.0
13735.0
11982.0
10521.0
10228.0
100822.0
11690.0
8767.0
19580.0
20457.0
19580.0
15781.0
12566.0
23963.0
98483.0
95854.0
91178.0
86795.0
104036.0
111050.0
85041.0
87671.0
100529.0
153132.0
100238.0
76274.0
90302.0
75982.0
90886.0
82703.0
83579.0
105205.0
34484.0
18995.0
19287.0
264183.0
17242.0
12274.0
12274.0
15781.0
17826.0
16949.0
13443.0
9937.0
9644.0
17534.0
111927.0
334027.0
33899.0
18411.0
14027.0
121863.0
18995.0
14612.0
13443.0
17242.0
14904.0
11982.0
10228.0
9352.0
10813.0
10521.0
10521.0
9936.0
9351.0
9060.0
14612.0
9643.0
9936.0
9936.0
10229.0
9936.0
15488.0
37114.0
14320.0
14612.0
12274.0
9936.0
12859.0
9644.0
10521.0
23963.0
114557.0
25133.0
23379.0
20749.0
15197.0
12858.0
10521.0
11982.0
11105.0
22210.0
21333.0
12274.0
11689.0
9644.0
9351.0
10521.0
10229.0
10520.0
9352.0
9059.0
9351.0
9936.0
9352.0
13735.0
12274.0
9351.0
10520.0
9059.0
10228.0
9936.0
8767.0
10228.0
16073.0
15781.0
13151.0
10228.0
9060.0
9060.0
14612.0
10228.0
10520.0
8475.0
17534.0
11982.0
10812.0
10813.0
13151.0
14027.0
13150.0
11689.0
11690.0
11689.0
10813.0
10229.0
11105.0
11689.0
12274.0
13735.0
19872.0
15196.0
14611.0
16658.0
102867.0
81534.0
595872.0
166867.0
83288.0
89424.0
81242.0
78320.0
77151.0
23086.0
16657.0
11981.0
12566.0
11982.0
10521.0
12567.0
10520.0
11981.0
9644.0
10812.0
10521.0
10812.0
11105.0
10229.0
10520.0
10812.0
14904.0
12274.0
11397.0
13735.0
11981.0
17827.0
13150.0
10229.0
10813.0
9352.0
18119.0
21334.0
32731.0
14320.0
9352.0
9936.0
9644.0
9351.0
12274.0
17242.0
9352.0
8475.0
9936.0
8768.0
7598.0
9060.0
8767.0
9936.0
9937.0
8475.0
9644.0
9643.0
9643.0
8767.0
7890.0
8475.0
10521.0
11105.0
10229.0
9352.0
9936.0
10229.0
9644.0
9351.0
9643.0
9351.0
9936.0
9059.0
8475.0
9936.0
18118.0
14028.0
12859.0
10812.0
9643.0
9351.0
11105.0
10229.0
10521.0
8767.0
9060.0
9352.0
9644.0
9936.0
9059.0
8475.0
8182.0
9059.0
8475.0
10228.0
9059.0
9644.0
8475.0
10228.0
13735.0
10812.0
9060.0
9644.0
9060.0
9351.0
8767.0
8767.0
9059.0
9352.0
9351.0
9059.0
24256.0
19288.0
14904.0
12274.0
11105.0
11398.0
16657.0
14905.0
14612.0
15197.0
16073.0
11105.0
11690.0
9643.0
9351.0
10229.0
9936.0
9644.0
10521.0
11690.0
10813.0
13442.0
121278.0
16366.0
80365.0
25133.0
15781.0
12858.0
23964.0
16658.0
20457.0
109881.0
22502.0
17242.0
50265.0
21334.0
19288.0
16365.0
16365.0
14319.0
13736.0
13735.0
14612.0
12566.0
12566.0
13151.0
14320.0
11982.0
16073.0
18703.0
21041.0
19580.0
18119.0
15781.0
13735.0
13150.0
16950.0
12274.0
16365.0
9644.0
10521.0
10229.0
8767.0
21333.0
25133.0
33023.0
18119.0
9644.0
9352.0
8767.0
8475.0
8475.0
7890.0
8183.0
8475.0
7306.0
8475.0
8182.0
8767.0
8183.0
7598.0
8768.0
22794.0
11398.0
9352.0
10229.0
9643.0
9644.0
9936.0
9059.0
9351.0
8767.0
11981.0
10228.0
9351.0
9644.0
9644.0
11689.0
14319.0
10812.0
11105.0
85626.0
19288.0
10228.0
9936.0
9351.0
8475.0
9352.0
8767.0
9059.0
9351.0
9060.0
8474.0
8767.0
8183.0
9351.0
9059.0
9936.0
10228.0
9351.0
9352.0
8767.0
8474.0
8767.0
14612.0
22794.0
10812.0
9644.0
9644.0
9643.0
16073.0
15489.0
14320.0
14319.0
22503.0
16073.0
13443.0
11982.0
11981.0
13735.0
15489.0
29808.0
18995.0
17242.0
13735.0
12566.0
14904.0
14612.0
14612.0
14027.0
99360.0
72183.0
70137.0
75397.0
77735.0
24256.0
14904.0
108713.0
104913.0
73936.0
66923.0
69553.0
18411.0
270612.0
87379.0
123324.0
22210.0
18704.0
22502.0
22502.0
111050.0
97607.0
87672.0
90886.0
85918.0
136767.0
92347.0
87087.0
105206.0
74813.0
75981.0
77736.0
76858.0
71891.0
74813.0
71306.0
71598.0
85042.0
95269.0
74228.0
26594.0
15489.0
15781.0
82703.0
82411.0
77150.0
70137.0
71014.0
76858.0
571909.0
114557.0
97022.0
27763.0
108128.0
34192.0
22502.0
17534.0
15780.0
18118.0
19872.0
82703.0
76567.0
101114.0
56986.0
73936.0
24548.0
15197.0
14611.0
20456.0
16658.0
28640.0
16365.0
12858.0
16950.0
17826.0
46466.0
28932.0
23671.0
166283.0
21918.0
21918.0
20165.0
10812.0
10520.0
10521.0
10813.0
11690.0
10229.0
10521.0
10520.0
9351.0
9644.0
11397.0
10813.0
13443.0
13151.0
12567.0
13151.0
13151.0
11105.0
12859.0
10228.0
12274.0
11105.0
10813.0
11105.0
10228.0
11105.0
12274.0
11397.0
11105.0
13735.0
11397.0
10813.0
11690.0
11690.0
15488.0
12566.0
11689.0
17534.0
19287.0
16365.0
950648.0
104329.0
92932.0
79197.0
83287.0
80365.0
116603.0
122156.0
98192.0
85625.0
81534.0
77443.0
111635.0
92055.0
78319.0
125370.0
79781.0
87671.0
251908.0
97023.0
111051.0
132675.0
101114.0
135014.0
118941.0
111342.0
94393.0
88840.0
88840.0
96146.0
88841.0
79781.0
8700196.0
137059.0
229991.0
78320.0
85333.0
80950.0
88256.0
67799.0
74521.0
74813.0
995653.0
106375.0
92931.0
91178.0
136767.0
23086.0
21041.0
18703.0
21334.0
15781.0
14904.0
14320.0
19580.0
15196.0
18411.0
15196.0
14904.0
13443.0
14027.0
59909.0
107544.0
21918.0
16658.0
14320.0
14319.0
14904.0
12859.0
11689.0
9936.0
23379.0
20456.0
12859.0
12859.0
19872.0
17827.0
16073.0
18411.0
14611.0
11689.0
12274.0
13151.0
11398.0
11105.0
11689.0
16073.0
12859.0
13735.0
14320.0
16950.0
61078.0
91763.0
100822.0
120986.0
88548.0
85334.0
82118.0
128000.0
17826.0
81827.0
17534.0
13735.0
12274.0
11690.0
11397.0
18411.0
18411.0
20456.0
18703.0
15197.0
14319.0
14028.0
20164.0
16657.0
16658.0
13443.0
11982.0
14027.0
11105.0
11397.0
14904.0
14027.0
14028.0
17826.0
15196.0
11981.0
170959.0
498265.0
25425.0
17826.0
25425.0
16658.0
20165.0
12858.0
11689.0
10520.0
9936.0
10813.0
17242.0
13735.0
12566.0
10228.0
10813.0
94685.0
13735.0
13151.0
11105.0
12274.0
11689.0
18704.0
11690.0
11397.0
11105.0
11105.0
10520.0
12274.0
10812.0
97899.0
17826.0
23671.0
13150.0
12274.0
11397.0
10520.0
10521.0
9936.0
10812.0
13151.0
14319.0
15781.0
14905.0
11397.0
10812.0
10813.0
10813.0
12859.0
143196.0
23379.0
12566.0
10812.0
11105.0
10521.0
11689.0
10228.0
11397.0
12566.0
11982.0
10228.0
8183.0
10521.0
114849.0
101698.0
130338.0
89132.0
459397.0
109005.0
85918.0
76858.0
119233.0
83287.0
83288.0
95269.0
82118.0
72474.0
73643.0
70429.0
70722.0
74520.0
75105.0
125955.0
91762.0
84165.0
87379.0
84748.0
297790.0
74521.0
177680.0
75105.0
72475.0
73644.0
78612.0
72183.0
80950.0
303927.0
80073.0
69260.0
68091.0
102575.0
91178.0
80950.0
80950.0
79781.0
78612.0
81826.0
83872.0
94392.0
90009.0
78905.0
78904.0
77442.0
89717.0
82703.0
81534.0
227068.0
17826.0
11105.0
10813.0
16657.0
15196.0
15488.0
13151.0
15197.0
14611.0
110174.0
14612.0
11690.0
9643.0
9644.0
10521.0
10520.0
16949.0
13443.0
11105.0
11105.0
139105.0
14612.0
11690.0
12274.0
10520.0
53771.0
11982.0
10520.0
9352.0
10520.0
105206.0
16366.0
13150.0
11981.0
8767.0
9936.0
9352.0
9060.0
9936.0
9936.0
10229.0
10520.0
11106.0
10813.0
62538.0
17535.0
14027.0
12274.0
13151.0
10813.0
10521.0
10521.0
11397.0
11105.0
10520.0
117188.0
87964.0
124201.0
125078.0
108712.0
108420.0
144365.0
119233.0
107544.0
127123.0
135014.0
88840.0
87963.0
88256.0
92931.0
85917.0
132676.0
240511.0
132091.0
113096.0
117187.0
104036.0
114265.0
120109.0
109297.0
90302.0
97608.0
132676.0
175634.0
289899.0
109881.0
106374.0
146119.0
135306.0
138521.0
109005.0
113680.0
103744.0
94100.0
93809.0
229114.0
112511.0
115434.0
108713.0
140858.0
102867.0
130630.0
97899.0
88256.0
87379.0
138520.0
107251.0
114850.0
114557.0
17534.0
15781.0
21626.0
14320.0
12274.0
19872.0
13735.0
15489.0
16658.0
16073.0
14612.0
15781.0
15488.0
16658.0
14612.0
144365.0
21042.0
20749.0
15489.0
16658.0
15781.0
15196.0
16658.0
16657.0
16074.0
119525.0
82703.0
78319.0
84164.0
112511.0
85041.0
85333.0
100530.0
96439.0
183525.0
90301.0
89133.0
104037.0
1599122.0
19872.0
18411.0
17242.0
16073.0
13735.0
18118.0
12274.0
127708.0
23671.0
206028.0
276749.0
97315.0
91762.0
20456.0
102283.0
25132.0
43543.0
104037.0
109004.0
101699.0
22795.0
110466.0
104328.0
101991.0
91471.0
78320.0
81534.0
16657.0
19287.0
16365.0
17534.0
17534.0
90594.0
77151.0
92347.0
86210.0
1321790.0
23087.0
106666.0
132675.0
22502.0
90301.0
73643.0
15197.0
13735.0
76859.0
68383.0
64877.0
62246.0
62539.0
66338.0
66338.0
64877.0
66923.0
72475.0
78028.0
67799.0
66046.0
66923.0
72767.0
67215.0
65753.0
66630.0
66922.0
65168.0
97608.0
102283.0
71890.0
66630.0
129753.0
74520.0
70429.0
66046.0
65169.0
64292.0
74813.0
70722.0
66338.0
65753.0
64585.0
68384.0
63415.0
64293.0
64584.0
64292.0
68676.0
62539.0
59325.0
65169.0
64877.0
64584.0
59908.0
60201.0
59909.0
62247.0
157516.0
114557.0
71599.0
101699.0
140566.0
87087.0
97022.0
77443.0
81242.0
84165.0
81535.0
77151.0
102283.0
117772.0
113388.0
75105.0
69260.0
65462.0
66630.0
73936.0
78612.0
74520.0
72768.0
74228.0
72183.0
81242.0
70429.0
129169.0
81242.0
66923.0
66338.0
63123.0
62247.0
1388712.0
45297.0
11105.0
11105.0
10520.0
9644.0
11397.0
9059.0
10812.0
10813.0
9644.0
10813.0
9936.0
10813.0
10520.0
10229.0
10228.0
10521.0
10812.0
10228.0
9644.0
16950.0
10520.0
442740.0
79197.0
75981.0
70137.0
75982.0
45881.0
24548.0
9936.0
9352.0
9059.0
9059.0
9059.0
9644.0
9644.0
10228.0
9644.0
9352.0
8767.0
9644.0
9936.0
9352.0
9644.0
9351.0
9644.0
9351.0
8767.0
10228.0
13151.0
12274.0
11689.0
9936.0
9936.0
9059.0
8768.0
72474.0
10813.0
10228.0
9936.0
93808.0
16365.0
17242.0
10521.0
10520.0
9936.0
9644.0
9936.0
12274.0
11689.0
10520.0
9059.0
9936.0
8767.0
9059.0
58155.0
16657.0
11397.0
10812.0
10228.0
9936.0
9060.0
9351.0
9059.0
8475.0
10229.0
9059.0
8475.0
9936.0
13442.0
12858.0
12274.0
11105.0
8475.0
8767.0
87671.0
80658.0
64585.0
63415.0
61954.0
63123.0
24840.0
13443.0
10228.0
11105.0
10812.0
11105.0
11690.0
10813.0
12274.0
10813.0
12566.0
13735.0
12858.0
11982.0
10813.0
29516.0
99360.0
25132.0
11982.0
105498.0
81534.0
79781.0
76274.0
156931.0
83872.0
125078.0
83580.0
78319.0
74228.0
77151.0
74813.0
73351.0
95269.0
91471.0
90009.0
79781.0
75981.0
73644.0
76566.0
112511.0
17826.0
14027.0
13735.0
12566.0
11105.0
14319.0
39745.0
18995.0
19873.0
12274.0
9936.0
9643.0
9644.0
8767.0
13442.0
20456.0
11981.0
14027.0
10521.0
8475.0
9351.0
9644.0
8767.0
8475.0
10521.0
9644.0
9059.0
10229.0
10812.0
9936.0
9060.0
9352.0
11105.0
9352.0
9936.0
9936.0
10813.0
93808.0
21041.0
10521.0
10228.0
10813.0
10813.0
9059.0
10813.0
10228.0
9060.0
8475.0
10228.0
9936.0
9351.0
9352.0
9352.0
12274.0
18411.0
14028.0
12566.0
13443.0
13151.0
10229.0
10229.0
9644.0
9936.0
11397.0
12274.0
11981.0
11397.0
11105.0
9644.0
9644.0
9644.0
9643.0
9643.0
9936.0
9060.0
13443.0
10812.0
81826.0
1233826.0
87087.0
74521.0
71598.0
68968.0
69553.0
72475.0
160730.0
84457.0
66630.0
65461.0
69552.0
11982.0
12859.0
10228.0
10521.0
9936.0
9644.0
11397.0
223561.0
22210.0
14612.0
9643.0
9936.0
10521.0
13443.0
11982.0
9644.0
10228.0
9059.0
10520.0
12567.0
9059.0
10813.0
15197.0
9644.0
9060.0
9352.0
9352.0
9644.0
8475.0
8182.0
9644.0
10228.0
9351.0
9352.0
9059.0
9643.0
9644.0
9643.0
9352.0
9351.0
9352.0
11690.0
89717.0
22795.0
14904.0
12566.0
10813.0
11105.0
11397.0
10228.0
10813.0
9643.0
11397.0
9351.0
75397.0
13443.0
9643.0
8475.0
9644.0
9936.0
9936.0
10520.0
9352.0
10813.0
9644.0
9644.0
9351.0
10813.0
9936.0
9352.0
9936.0
9351.0
9644.0
9352.0
9937.0
9059.0
9644.0
9936.0
9351.0
8767.0
9643.0
10521.0
18411.0
11982.0
10813.0
9936.0
9352.0
9936.0
9936.0
8475.0
9059.0
8475.0
9644.0
9059.0
10521.0
23379.0
15781.0
13736.0
15196.0
13443.0
16073.0
21918.0
18996.0
15781.0
12274.0
12274.0
12274.0
13443.0
15780.0
14612.0
14904.0
16073.0
17242.0
13150.0
11397.0
14319.0
12274.0
15781.0
11689.0
12566.0
10228.0
10521.0
9351.0
13443.0
10813.0
11105.0
18996.0
18996.0
14904.0
13443.0
14028.0
16073.0
13443.0
96146.0
12566.0
11105.0
10813.0
10520.0
9352.0
11982.0
10228.0
11105.0
13151.0
12274.0
10520.0
9936.0
10521.0
10813.0
11690.0
13443.0
19872.0
11689.0
11689.0
12567.0
27763.0
14027.0
11105.0
9352.0
9936.0
9059.0
9644.0
14320.0
11105.0
13735.0
28347.0
16950.0
13151.0
12567.0
11982.0
17242.0
11397.0
10813.0
8183.0
9059.0
8767.0
10229.0
9352.0
8475.0
8475.0
9059.0
9059.0
8182.0
8183.0
9352.0
9060.0
10229.0
11105.0
10521.0
9351.0
9059.0
16073.0
11398.0
10520.0
14612.0
10229.0
16366.0
12859.0
12859.0
13735.0
10228.0
11105.0
9352.0
10520.0
10521.0
15197.0
10228.0
8183.0
9059.0
9644.0
9644.0
11105.0
9060.0
9936.0
9644.0
9060.0
8767.0
8475.0
9059.0
9059.0
9644.0
8767.0
9059.0
9644.0
50264.0
11982.0
9936.0
9936.0
8767.0
8475.0
8475.0
15781.0
47635.0
16366.0
11105.0
9936.0
11105.0
9936.0
10228.0
8767.0
9351.0
8183.0
9059.0
7890.0
9059.0
8767.0
9352.0
8183.0
8767.0
8475.0
8767.0
8475.0
7598.0
9352.0
8182.0
9644.0
7890.0
8475.0
8767.0
11105.0
8767.0
9936.0
8182.0
9059.0
8767.0
22795.0
18118.0
11982.0
10228.0
9644.0
11105.0
11982.0
9352.0
9644.0
11105.0
17826.0
12274.0
10521.0
11105.0
8767.0
10813.0
16950.0
9936.0
10521.0
10520.0
10229.0
10813.0
108128.0
71014.0
66046.0
67215.0
65168.0
10228.0
113680.0
14612.0
12566.0
11981.0
17827.0
94100.0
113972.0
125077.0
11690.0
10520.0
10228.0
9352.0
8474.0
9351.0
9059.0
10521.0
8767.0
9352.0
9059.0
8767.0
8183.0
9059.0
8767.0
8767.0
8767.0
9352.0
9352.0
9059.0
9060.0
8474.0
8183.0
9643.0
8767.0
8767.0
8768.0
9059.0
8182.0
9644.0
11105.0
9936.0
10813.0
9936.0
9352.0
14028.0
11690.0
9351.0
9351.0
9937.0
16949.0
21333.0
10813.0
9059.0
9059.0
10229.0
11105.0
9059.0
9936.0
9936.0
9060.0
9644.0
8475.0
8182.0
9643.0
9351.0
9060.0
9352.0
9060.0
9060.0
8183.0
8767.0
8768.0
9059.0
9643.0
9059.0
9060.0
9059.0
9643.0
9352.0
9352.0
12566.0
13151.0
10813.0
10229.0
10521.0
9644.0
9936.0
9936.0
9352.0
8182.0
7891.0
14904.0
9936.0
11982.0
11982.0
10229.0
10228.0
9936.0
9352.0
8475.0
9936.0
9060.0
9352.0
9351.0
9644.0
9352.0
9060.0
9643.0
8767.0
9936.0
9936.0
8767.0
8767.0
9059.0
9352.0
10228.0
8767.0
8475.0
8767.0
8475.0
8767.0
8182.0
9059.0
9644.0
8767.0
9351.0
8767.0
9060.0
9352.0
8767.0
8767.0
8182.0
15781.0
16073.0
18411.0
12858.0
82118.0
19872.0
11689.0
8768.0
9644.0
8767.0
9936.0
9352.0
10228.0
9059.0
9351.0
9352.0
14027.0
10520.0
8767.0
9936.0
9060.0
7891.0
8767.0
9352.0
9351.0
8767.0
8183.0
9352.0
75689.0
87671.0
76274.0
72767.0
72475.0
72183.0
71306.0
135891.0
16073.0
16365.0
18996.0
22795.0
26301.0
117187.0
15488.0
10813.0
10520.0
11981.0
8767.0
8475.0
33023.0
8767.0
9644.0
8768.0
7306.0
8767.0
7014.0
7890.0
7599.0
17242.0
21333.0
12566.0
13443.0
9059.0
8767.0
9351.0
9352.0
8767.0
8475.0
9059.0
8767.0
9352.0
9059.0
7890.0
9060.0
8182.0
9059.0
8767.0
9643.0
8767.0
8767.0
9936.0
11397.0
7013.0
9351.0
33023.0
16950.0
14612.0
137936.0
13150.0
7599.0
7598.0
9643.0
9352.0
10228.0
10228.0
8475.0
9644.0
9352.0
9352.0
8767.0
9059.0
77443.0
12858.0
15781.0
12566.0
10520.0
11398.0
9352.0
8768.0
8182.0
9351.0
9059.0
9643.0
9059.0
9059.0
8475.0
8767.0
8183.0
8767.0
9351.0
9351.0
8182.0
9060.0
14904.0
13443.0
11397.0
8475.0
8475.0
7890.0
9059.0
10228.0
8767.0
8767.0
10813.0
16365.0
11982.0
122740.0
21626.0
85333.0
69260.0
64000.0
63124.0
10229.0
8767.0
9060.0
9644.0
8475.0
9936.0
9936.0
9351.0
8182.0
7599.0
8475.0
8183.0
7306.0
15196.0
9936.0
9059.0
8475.0
8767.0
8768.0
8768.0
8183.0
8767.0
8475.0
9060.0
8183.0
9644.0
8768.0
8767.0
8767.0
9059.0
8474.0
10520.0
21333.0
15489.0
12274.0
10228.0
9936.0
9059.0
9060.0
9352.0
9644.0
9060.0
8475.0
9059.0
8767.0
9936.0
8475.0
8767.0
9351.0
8475.0
8475.0
8475.0
9060.0
8183.0
9059.0
9059.0
9351.0
9351.0
8183.0
8475.0
8767.0
8475.0
8182.0
8768.0
8767.0
8475.0
9060.0
9351.0
9644.0
8767.0
9059.0
8475.0
9352.0
8182.0
8768.0
9352.0
8475.0
9352.0
14027.0
9936.0
10521.0
10521.0
9936.0
10520.0
14612.0
9059.0
9936.0
9352.0
8475.0
9352.0
8475.0
9059.0
9060.0
10812.0
10813.0
7598.0
8475.0
7014.0
8475.0
8182.0
7599.0
8182.0
8183.0
7891.0
7890.0
8475.0
7891.0
9352.0
8475.0
8767.0
8183.0
8183.0
8182.0
9059.0
7891.0
8767.0
8183.0
7891.0
8475.0
7598.0
8183.0
8475.0
8475.0
8767.0
7890.0
8182.0
8767.0
21625.0
99361.0
33607.0
16365.0
15489.0
15196.0
17242.0
14904.0
14612.0
15196.0
13443.0
21041.0
11397.0
10520.0
9936.0
9643.0
9059.0
9644.0
9644.0
10228.0
20749.0
17242.0
16658.0
13151.0
15489.0
11982.0
10813.0
11690.0
11397.0
15781.0
15489.0
9351.0
9060.0
9352.0
9936.0
37699.0
15196.0
13150.0
12274.0
11398.0
11689.0
11105.0
11105.0
10229.0
11105.0
9937.0
10813.0
11397.0
13735.0
12566.0
11397.0
12274.0
11689.0
175050.0
18995.0
12859.0
9936.0
10228.0
11397.0
76566.0
12274.0
8767.0
9644.0
9936.0
9352.0
9060.0
8767.0
8183.0
8475.0
7599.0
8183.0
7891.0
8767.0
7598.0
8475.0
7306.0
7598.0
7890.0
7891.0
7599.0
8182.0
7599.0
6722.0
7890.0
7306.0
7598.0
7306.0
7598.0
9936.0
15781.0
7306.0
14320.0
10228.0
9059.0
8767.0
8474.0
11982.0
9936.0
8475.0
9059.0
8767.0
9351.0
8767.0
10228.0
8767.0
9936.0
9059.0
9936.0
8767.0
7891.0
8768.0
8767.0
8182.0
9060.0
8475.0
8475.0
9351.0
8475.0
9059.0
8767.0
8183.0
8474.0
8182.0
9059.0
9059.0
8767.0
9060.0
8767.0
8475.0
8475.0
8767.0
8767.0
7598.0
9351.0
11397.0
10812.0
9643.0
10229.0
8475.0
16073.0
23086.0
13736.0
9644.0
21041.0
14905.0
13443.0
13735.0
13735.0
13735.0
14320.0
14612.0
11105.0
10520.0
10229.0
9644.0
9059.0
8767.0
12566.0
10520.0
10813.0
10228.0
10520.0
9352.0
10813.0
10521.0
11398.0
18996.0
14904.0
21918.0
18411.0
10520.0
9936.0
10520.0
10229.0
11982.0
10521.0
9936.0
11981.0
11105.0
10520.0
9936.0
10813.0
10228.0
10229.0
9644.0
9060.0
10228.0
9352.0
10229.0
9059.0
9936.0
10813.0
11982.0
9936.0
10229.0
9059.0
9644.0
10520.0
10228.0
12858.0
14612.0
